{
  "camera_angle_x": 1.0373632497458658,
  "camera_angle_y": 0.6184226815231101,
  "fl_x": 1681.812982381724,
  "fl_y": 1690.3623053360059,
  "k1": 0.09120040193788335,
  "k2": -0.17901915747398284,
  "p1": -0.00021389595380450226,
  "p2": -0.00035168030242334943,
  "cx": 959.1371872028691,
  "cy": 542.9859484194561,
  "w": 1920.0,
  "h": 1080.0,
  "aabb_scale": 16,
  "frames": [
    {
      "file_path": "./drill_full/00015.jpg",
      "sharpness": 45.39854793243826,
      "transform_matrix": [
        [
          -0.07288677173271252,
          -0.34443380602958923,
          0.9359769611584998,
          7.467980880625588
        ],
        [
          0.9896640218708125,
          0.09123413409659414,
          0.11064111618596298,
          0.9137367196475465
        ],
        [
          -0.12350158833695048,
          0.9343669975382409,
          0.3342239842373844,
          2.2355511039942373
        ],
        [
          0.0,
          0.0,
          0.0,
          1.0
        ]
      ]
    },
    {
      "file_path": "./drill_full/00013.jpg",
      "sharpness": 56.680876677503036,
      "transform_matrix": [
        [
          -0.0753686439164639,
          -0.34388681094499,
          0.9359815323078885,
          7.475167095369878
        ],
        [
          0.9897408198830067,
          0.08845788717378363,
          0.11219764549582313,
          0.9379546282598893
        ],
        [
          -0.12137823928673144,
          0.9348353135734029,
          0.33369186321164346,
          2.2251806303671047
        ],
        [
          0.0,
          0.0,
          0.0,
          1.0
        ]
      ]
    },
    {
      "file_path": "./drill_full/00785.jpg",
      "sharpness": 19.848558416443634,
      "transform_matrix": [
        [
          -0.6317703330260457,
          0.38538844571245073,
          -0.6725637458774044,
          -1.7147707496685805
        ],
        [
          -0.7728253125542489,
          -0.24592920350477943,
          0.5850297967964326,
          1.6383870234615825
        ],
        [
          0.0600606577530271,
          0.8893787566726035,
          0.45320872081156555,
          1.3690932364607054
        ],
        [
          0.0,
          0.0,
          0.0,
          1.0
        ]
      ]
    },
    {
      "file_path": "./drill_full/00019.jpg",
      "sharpness": 41.93400460081355,
      "transform_matrix": [
        [
          -0.06515256817678719,
          -0.34600117394712565,
          0.9359691931555895,
          7.470441624891263
        ],
        [
          0.9896374120764929,
          0.09786977713208672,
          0.10506807004699482,
          0.832638847448279
        ],
        [
          -0.12795677191725557,
          0.9331155846947611,
          0.3360392390334167,
          2.259802053839553
        ],
        [
          0.0,
          0.0,
          0.0,
          1.0
        ]
      ]
    },
    {
      "file_path": "./drill_full/00023.jpg",
      "sharpness": 48.61855513687355,
      "transform_matrix": [
        [
          -0.05349920155231514,
          -0.3471932278083856,
          0.9362663606294974,
          7.480031599320759
        ],
        [
          0.9897843661091585,
          0.10564914815863305,
          0.09573487400100954,
          0.7214763514751197
        ],
        [
          -0.13215424336832954,
          0.9318235455847615,
          0.3379942838325465,
          2.2799849923669946
        ],
        [
          0.0,
          0.0,
          0.0,
          1.0
        ]
      ]
    },
    {
      "file_path": "./drill_full/00777.jpg",
      "sharpness": 20.974039810438605,
      "transform_matrix": [
        [
          -0.6385703194712518,
          0.4014617650389828,
          -0.6565488545046072,
          -1.664814056749336
        ],
        [
          -0.7676267803285514,
          -0.2717990893425898,
          0.5804088052017324,
          1.4939935657103511
        ],
        [
          0.054562562617181766,
          0.8746163194733689,
          0.4817356334353852,
          1.550907388798819
        ],
        [
          0.0,
          0.0,
          0.0,
          1.0
        ]
      ]
    },
    {
      "file_path": "./drill_full/00017.jpg",
      "sharpness": 47.597358674672265,
      "transform_matrix": [
        [
          -0.06937739305697684,
          -0.3452380540557527,
          0.9359473614544569,
          7.4659377207845505
        ],
        [
          0.9896647713141682,
          0.09421130968567078,
          0.10811045068691813,
          0.8803558323967201
        ],
        [
          -0.1255006683377143,
          0.9337745526667974,
          0.3351338047535596,
          2.2515726300131367
        ],
        [
          0.0,
          0.0,
          0.0,
          1.0
        ]
      ]
    },
    {
      "file_path": "./drill_full/00793.jpg",
      "sharpness": 16.176948774948546,
      "transform_matrix": [
        [
          -0.6739669457609289,
          0.37722726471744317,
          -0.6351914253393424,
          -1.6775038175904708
        ],
        [
          -0.7333318001032905,
          -0.23756012436801494,
          0.6370162150748304,
          1.9456986304708757
        ],
        [
          0.08940373039222584,
          0.8951339442284462,
          0.4367404205381809,
          1.1785063040934667
        ],
        [
          0.0,
          0.0,
          0.0,
          1.0
        ]
      ]
    },
    {
      "file_path": "./drill_full/00021.jpg",
      "sharpness": 49.57930553434442,
      "transform_matrix": [
        [
          -0.05993168648258396,
          -0.34649682554604266,
          0.9361346820255156,
          7.477374446833724
        ],
        [
          0.9897060492996258,
          0.10147406427705913,
          0.1009205145625244,
          0.776621707522328
        ],
        [
          -0.12996202882422936,
          0.9325464943982569,
          0.33684849249966925,
          2.2654893579376623
        ],
        [
          0.0,
          0.0,
          0.0,
          1.0
        ]
      ]
    },
    {
      "file_path": "./drill_full/00011.jpg",
      "sharpness": 53.03970084209725,
      "transform_matrix": [
        [
          -0.07710093530371849,
          -0.3433166218638868,
          0.9360497545410745,
          7.479274869609339
        ],
        [
          0.989831240124269,
          0.0862060008240607,
          0.11314875826413918,
          0.955195451748011
        ],
        [
          -0.11953895536666749,
          0.935255164446029,
          0.33317895428247757,
          2.2208145527320378
        ],
        [
          0.0,
          0.0,
          0.0,
          1.0
        ]
      ]
    },
    {
      "file_path": "./drill_full/00803.jpg",
      "sharpness": 14.8784333865449,
      "transform_matrix": [
        [
          -0.7617192994427336,
          0.36098012252221473,
          -0.5380307240757376,
          -1.3233197297092087
        ],
        [
          -0.6360700254931609,
          -0.2586270745319256,
          0.7269985962771384,
          2.50908518393122
        ],
        [
          0.12328273018159755,
          0.8959940778310311,
          0.4266098697646117,
          1.0945259744968245
        ],
        [
          0.0,
          0.0,
          0.0,
          1.0
        ]
      ]
    },
    {
      "file_path": "./drill_full/00009.jpg",
      "sharpness": 52.59507377658955,
      "transform_matrix": [
        [
          -0.07843772951023635,
          -0.34283295435036576,
          0.93611595865567,
          7.4847257969908165
        ],
        [
          0.9899403276865566,
          0.08412713655744425,
          0.11375751630209147,
          0.9666312347487379
        ],
        [
          -0.11775258048083427,
          0.9356218201576689,
          0.33278542558958796,
          2.2183918350636036
        ],
        [
          0.0,
          0.0,
          0.0,
          1.0
        ]
      ]
    },
    {
      "file_path": "./drill_full/00003.jpg",
      "sharpness": 35.71077588305318,
      "transform_matrix": [
        [
          -0.0812473691104538,
          -0.34223845027803856,
          0.9360938565192386,
          7.505813483008831
        ],
        [
          0.9901476815216541,
          0.07975196187480964,
          0.11509645240038581,
          0.9745994462944231
        ],
        [
          -0.11404575305837389,
          0.9362224456706665,
          0.33238697098663833,
          2.2230502060139914
        ],
        [
          0.0,
          0.0,
          0.0,
          1.0
        ]
      ]
    },
    {
      "file_path": "./drill_full/00799.jpg",
      "sharpness": 18.919983600975424,
      "transform_matrix": [
        [
          -0.7257168593810986,
          0.369073284969621,
          -0.5806203151638011,
          -1.499267077810315
        ],
        [
          -0.6787697815314385,
          -0.24636235924883165,
          0.691792723021755,
          2.2702738300170098
        ],
        [
          0.1122792221321639,
          0.8961531667704955,
          0.4293051106317003,
          1.129660162800026
        ],
        [
          0.0,
          0.0,
          0.0,
          1.0
        ]
      ]
    },
    {
      "file_path": "./drill_full/00005.jpg",
      "sharpness": 44.31305072661603,
      "transform_matrix": [
        [
          -0.08064118126734116,
          -0.34213593682988375,
          0.9361837430026707,
          7.498363463550626
        ],
        [
          0.9901113677430352,
          0.08067063710987235,
          0.11476814791154373,
          0.9718791062964096
        ],
        [
          -0.11478884680387713,
          0.9361812052626204,
          0.33224730489855187,
          2.2212285851856484
        ],
        [
          0.0,
          0.0,
          0.0,
          1.0
        ]
      ]
    },
    {
      "file_path": "./drill_full/00007.jpg",
      "sharpness": 50.23502941668268,
      "transform_matrix": [
        [
          -0.0797009395333877,
          -0.3423734073859466,
          0.9361774458945146,
          7.492437135260827
        ],
        [
          0.9900278600476586,
          0.08225127180810762,
          0.11436592419136662,
          0.9702177437796051
        ],
        [
          -0.11615763671713075,
          0.9359568249924851,
          0.33240370821061177,
          2.219711281780641
        ],
        [
          0.0,
          0.0,
          0.0,
          1.0
        ]
      ]
    },
    {
      "file_path": "./drill_full/00791.jpg",
      "sharpness": 16.092200989240265,
      "transform_matrix": [
        [
          -0.6595366498604692,
          0.37921701406964237,
          -0.6490037471232951,
          -1.7039465590744973
        ],
        [
          -0.7472626629744756,
          -0.23739536242488143,
          0.6206786241076753,
          1.8544498680382564
        ],
        [
          0.08130141476752611,
          0.8943365687397488,
          0.4399456578050285,
          1.2244271122068124
        ],
        [
          0.0,
          0.0,
          0.0,
          1.0
        ]
      ]
    },
    {
      "file_path": "./drill_full/00033.jpg",
      "sharpness": 30.411221998167115,
      "transform_matrix": [
        [
          0.004896542307694214,
          -0.34805194301938874,
          0.937462462652773,
          7.454336508280013
        ],
        [
          0.9901739379096421,
          0.13270621115754327,
          0.04409800681963697,
          0.3240524846778023
        ],
        [
          -0.13975548847792635,
          0.9280349705312898,
          0.3452817645940372,
          2.371057159680562
        ],
        [
          0.0,
          0.0,
          0.0,
          1.0
        ]
      ]
    },
    {
      "file_path": "./drill_full/00035.jpg",
      "sharpness": 26.673402291654522,
      "transform_matrix": [
        [
          0.02122305207447362,
          -0.3471974529162576,
          0.9375518709907479,
          7.437592302381226
        ],
        [
          0.989843447267061,
          0.13914678048215573,
          0.029122558003287672,
          0.22558533177294213
        ],
        [
          -0.14056860234453147,
          0.9274115064081191,
          0.3466242430451396,
          2.385318007472823
        ],
        [
          0.0,
          0.0,
          0.0,
          1.0
        ]
      ]
    },
    {
      "file_path": "./drill_full/00813.jpg",
      "sharpness": 9.020910477371585,
      "transform_matrix": [
        [
          -0.8354790223680588,
          0.3315992834643143,
          -0.4381971228089138,
          -0.967682109939037
        ],
        [
          -0.5327942154225105,
          -0.29355372517791,
          0.7936980121225111,
          2.9063995833752796
        ],
        [
          0.1345552943440764,
          0.8965869314709645,
          0.4219321593921783,
          0.7748474333408901
        ],
        [
          0.0,
          0.0,
          0.0,
          1.0
        ]
      ]
    },
    {
      "file_path": "./drill_full/00037.jpg",
      "sharpness": 25.290795231225594,
      "transform_matrix": [
        [
          0.03752814294073107,
          -0.3460474878381034,
          0.937466145894081,
          7.424599004784207
        ],
        [
          0.9892482324793793,
          0.14556190776267683,
          0.01413030592934413,
          0.12941538779580122
        ],
        [
          -0.1413491175284998,
          0.9268564436942628,
          0.34778953377901656,
          2.395128164131694
        ],
        [
          0.0,
          0.0,
          0.0,
          1.0
        ]
      ]
    },
    {
      "file_path": "./drill_full/00025.jpg",
      "sharpness": 51.937357189715385,
      "transform_matrix": [
        [
          -0.04508109158768423,
          -0.3477651717325677,
          0.9364972400174095,
          7.480810187972247
        ],
        [
          0.989925542752131,
          0.11040171142285977,
          0.08865033515190703,
          0.6586343585883249
        ],
        [
          -0.13422039706895933,
          0.9310589924883685,
          0.33928459671355915,
          2.3009317770126083
        ],
        [
          0.0,
          0.0,
          0.0,
          1.0
        ]
      ]
    },
    {
      "file_path": "./drill_full/00829.jpg",
      "sharpness": 10.867080893415272,
      "transform_matrix": [
        [
          -0.8672822253688222,
          0.31084232751830454,
          -0.3888426275904575,
          -1.4038850193115364
        ],
        [
          -0.48254494236369183,
          -0.3329397125523567,
          0.8101243894646785,
          2.7325682211753497
        ],
        [
          0.12235979814247588,
          0.8902405266396689,
          0.4387480878325801,
          0.5036467401537801
        ],
        [
          0.0,
          0.0,
          0.0,
          1.0
        ]
      ]
    },
    {
      "file_path": "./drill_full/00027.jpg",
      "sharpness": 49.49340902065537,
      "transform_matrix": [
        [
          -0.03489280270001384,
          -0.3480627024250517,
          0.9368216732919091,
          7.476065326512881
        ],
        [
          0.9900545920129756,
          0.11579436045359198,
          0.07989725228008113,
          0.584162487463844
        ],
        [
          -0.1362879200628417,
          0.9302924386000163,
          0.34056068707128684,
          2.316546865742882
        ],
        [
          0.0,
          0.0,
          0.0,
          1.0
        ]
      ]
    },
    {
      "file_path": "./drill_full/00031.jpg",
      "sharpness": 44.96865451117622,
      "transform_matrix": [
        [
          -0.009846722314163621,
          -0.3479530030192047,
          0.937460265717289,
          7.463556693062581
        ],
        [
          0.9902350882320533,
          0.12698221829214298,
          0.05753248015170911,
          0.416952588759488
        ],
        [
          -0.13905938334145312,
          0.9288725552927027,
          0.34330491400297086,
          2.344130264261978
        ],
        [
          0.0,
          0.0,
          0.0,
          1.0
        ]
      ]
    },
    {
      "file_path": "./drill_full/00801.jpg",
      "sharpness": 17.90201053300185,
      "transform_matrix": [
        [
          -0.7438912240326985,
          0.3655167132742473,
          -0.5594849230975485,
          -1.4162153553245742
        ],
        [
          -0.6576575495615937,
          -0.25156586131780584,
          0.7100712393308244,
          2.3874164995577347
        ],
        [
          0.11879559901741328,
          0.896165246917213,
          0.4275224624762921,
          1.1155013044738618
        ],
        [
          0.0,
          0.0,
          0.0,
          1.0
        ]
      ]
    },
    {
      "file_path": "./drill_full/00029.jpg",
      "sharpness": 52.52253326410406,
      "transform_matrix": [
        [
          -0.022928386017998913,
          -0.348147403576199,
          0.9371593645410079,
          7.470716675774812
        ],
        [
          0.9902069447883153,
          0.12121719219296953,
          0.06925748198271495,
          0.5001832268993791
        ],
        [
          -0.13771163933751618,
          0.9295696734234448,
          0.34195866225655414,
          2.329866946179121
        ],
        [
          0.0,
          0.0,
          0.0,
          1.0
        ]
      ]
    },
    {
      "file_path": "./drill_full/00039.jpg",
      "sharpness": 25.39101369155862,
      "transform_matrix": [
        [
          0.05488952797569612,
          -0.3450988249317111,
          0.9369599462082157,
          7.410971269697859
        ],
        [
          0.9883230258674864,
          0.1523628103545947,
          -0.0017806071235208433,
          0.03363555721194643
        ],
        [
          -0.14214336516798157,
          0.9261168258376612,
          0.349432237621237,
          2.416627329505904
        ],
        [
          0.0,
          0.0,
          0.0,
          1.0
        ]
      ]
    },
    {
      "file_path": "./drill_full/00807.jpg",
      "sharpness": 11.307827930755456,
      "transform_matrix": [
        [
          -0.7950301724535466,
          0.3502217255810208,
          -0.49524919774663034,
          -1.1263384629301834
        ],
        [
          -0.5923717875099574,
          -0.27266943454904113,
          0.758120732354489,
          2.731234611107175
        ],
        [
          0.1304710323734964,
          0.8961005091164422,
          0.4242418971795864,
          1.0029399786762558
        ],
        [
          0.0,
          0.0,
          0.0,
          1.0
        ]
      ]
    },
    {
      "file_path": "./drill_full/00041.jpg",
      "sharpness": 26.373257615964892,
      "transform_matrix": [
        [
          0.07217315466768359,
          -0.34374809764068615,
          0.936284295052987,
          7.386312711487817
        ],
        [
          0.9870815351212497,
          0.15924658610331965,
          -0.017622934995566344,
          -0.06207363908999704
        ],
        [
          -0.14304222722977,
          0.9254608420839531,
          0.3508007284033133,
          2.4402520502127905
        ],
        [
          0.0,
          0.0,
          0.0,
          1.0
        ]
      ]
    },
    {
      "file_path": "./drill_full/00001.jpg",
      "sharpness": 50.23983927994716,
      "transform_matrix": [
        [
          -0.0816465687946784,
          -0.34198857045523107,
          0.9361504449238851,
          7.506639378115764
        ],
        [
          0.9902649458089775,
          0.07840921760394419,
          0.1150101373680737,
          0.9773560317965607
        ],
        [
          -0.11273497641243338,
          0.936427152704309,
          0.3322574496099018,
          2.222847561126643
        ],
        [
          0.0,
          0.0,
          0.0,
          1.0
        ]
      ]
    },
    {
      "file_path": "./drill_full/00825.jpg",
      "sharpness": 10.427680827319453,
      "transform_matrix": [
        [
          -0.8730796037458697,
          0.30641287330326905,
          -0.37926660365254244,
          -1.2307361261478829
        ],
        [
          -0.4707040973887241,
          -0.3268241550149796,
          0.8195264635147262,
          2.8214582422015955
        ],
        [
          0.12715997116947053,
          0.894034184366648,
          0.4295732987115579,
          0.5169311893241969
        ],
        [
          0.0,
          0.0,
          0.0,
          1.0
        ]
      ]
    },
    {
      "file_path": "./drill_full/00043.jpg",
      "sharpness": 32.875150944825094,
      "transform_matrix": [
        [
          0.09074120017778939,
          -0.3422483389723244,
          0.9352176800671189,
          7.363437281916642
        ],
        [
          0.9854316510344935,
          0.16649802853836626,
          -0.0346823821703819,
          -0.17323318308242666
        ],
        [
          -0.1438419122959833,
          0.924740223528355,
          0.35237057667411775,
          2.4613192116519493
        ],
        [
          0.0,
          0.0,
          0.0,
          1.0
        ]
      ]
    },
    {
      "file_path": "./drill_full/00045.jpg",
      "sharpness": 36.14010656304567,
      "transform_matrix": [
        [
          0.1095494134683284,
          -0.34053885396874367,
          0.9338266514699314,
          7.339551862187167
        ],
        [
          0.9832819293774387,
          0.17460223647320802,
          -0.0516788774943747,
          -0.2906087309802968
        ],
        [
          -0.14544955610861157,
          0.9238762622796373,
          0.3539732739542665,
          2.4743972087108013
        ],
        [
          0.0,
          0.0,
          0.0,
          1.0
        ]
      ]
    },
    {
      "file_path": "./drill_full/00055.jpg",
      "sharpness": 19.72329041255539,
      "transform_matrix": [
        [
          0.19896610333026815,
          -0.3288119128105453,
          0.9231983620915845,
          7.215355020690632
        ],
        [
          0.967307866382203,
          0.21705027847213806,
          -0.13116656681875954,
          -0.8494823683976955
        ],
        [
          -0.15725133184453163,
          0.9191147385694929,
          0.3612479979561705,
          2.619133442746628
        ],
        [
          0.0,
          0.0,
          0.0,
          1.0
        ]
      ]
    },
    {
      "file_path": "./drill_full/00057.jpg",
      "sharpness": 18.206728393093268,
      "transform_matrix": [
        [
          0.21713920086342067,
          -0.32580069084457697,
          0.9201654619375452,
          7.138074749982679
        ],
        [
          0.9627673003419245,
          0.2269837407886634,
          -0.14682474863132083,
          -0.953857230504321
        ],
        [
          -0.1610269941579469,
          0.9177866262422678,
          0.3629573196578075,
          2.664891718125184
        ],
        [
          0.0,
          0.0,
          0.0,
          1.0
        ]
      ]
    },
    {
      "file_path": "./drill_full/00049.jpg",
      "sharpness": 32.94315971960909,
      "transform_matrix": [
        [
          0.14528557747573076,
          -0.33666123644609797,
          0.9303501023277596,
          7.310732686849326
        ],
        [
          0.9782083916624541,
          0.18984805530442678,
          -0.08405984998216977,
          -0.5167564561065178
        ],
        [
          -0.1483254646487288,
          0.9222889611282203,
          0.3569070309865788,
          2.5217345882650983
        ],
        [
          0.0,
          0.0,
          0.0,
          1.0
        ]
      ]
    },
    {
      "file_path": "./drill_full/00053.jpg",
      "sharpness": 26.69830970036804,
      "transform_matrix": [
        [
          0.18089873243239613,
          -0.3319572120824372,
          0.9257861837378827,
          7.276460482723066
        ],
        [
          0.9714589647549474,
          0.20716662967403626,
          -0.11553989504707583,
          -0.733785829189403
        ],
        [
          -0.1534377020396406,
          0.9202643081978253,
          0.35995899030286777,
          2.5835175105090475
        ],
        [
          0.0,
          0.0,
          0.0,
          1.0
        ]
      ]
    },
    {
      "file_path": "./drill_full/00821.jpg",
      "sharpness": 8.553820874123673,
      "transform_matrix": [
        [
          -0.8686442257829958,
          0.30979290955960914,
          -0.3866336279342454,
          -1.0769721842343647
        ],
        [
          -0.4777898634622587,
          -0.31738688807746135,
          0.8191351595737815,
          2.903671793878828
        ],
        [
          0.13104982041078722,
          0.8962666548002189,
          0.4237121996277823,
          0.5556154126558877
        ],
        [
          0.0,
          0.0,
          0.0,
          1.0
        ]
      ]
    },
    {
      "file_path": "./drill_full/00047.jpg",
      "sharpness": 33.298896042002454,
      "transform_matrix": [
        [
          0.12753259319889979,
          -0.3388369048365857,
          0.9321614611438683,
          7.3279743741957395
        ],
        [
          0.9809192909801537,
          0.1821364529744058,
          -0.06799747849470288,
          -0.40614745914932304
        ],
        [
          -0.1467405269823462,
          0.9230470543076833,
          0.3555999906140888,
          2.498548290387633
        ],
        [
          0.0,
          0.0,
          0.0,
          1.0
        ]
      ]
    },
    {
      "file_path": "./drill_full/00051.jpg",
      "sharpness": 33.534568380824986,
      "transform_matrix": [
        [
          0.16306079270153226,
          -0.33422201453673744,
          0.9282816506490355,
          7.2981574222855
        ],
        [
          0.9750315152450137,
          0.19834745830176195,
          -0.09985905099181638,
          -0.622238280272287
        ],
        [
          -0.15074721280218867,
          0.9213869604196199,
          0.35821969104301554,
          2.5454425594933787
        ],
        [
          0.0,
          0.0,
          0.0,
          1.0
        ]
      ]
    },
    {
      "file_path": "./drill_full/00063.jpg",
      "sharpness": 18.99402054280909,
      "transform_matrix": [
        [
          0.2743843099127035,
          -0.31407002133999834,
          0.9088857311116547,
          6.841316446367239
        ],
        [
          0.9455813974834817,
          0.260024380260904,
          -0.19560966848257189,
          -1.3479332136548126
        ],
        [
          -0.1748973162056554,
          0.9130976636761976,
          0.3683253798247091,
          2.8015785752801894
        ],
        [
          0.0,
          0.0,
          0.0,
          1.0
        ]
      ]
    },
    {
      "file_path": "./drill_full/00059.jpg",
      "sharpness": 26.9344395651586,
      "transform_matrix": [
        [
          0.23627302032530365,
          -0.32216770687610324,
          0.9167240743875426,
          7.0544722613204955
        ],
        [
          0.9575488702872339,
          0.23754821062466827,
          -0.16331261017264775,
          -1.0650206188854119
        ],
        [
          -0.16515211438404315,
          0.916394465457602,
          0.3646175569594031,
          2.7029349824824385
        ],
        [
          0.0,
          0.0,
          0.0,
          1.0
        ]
      ]
    },
    {
      "file_path": "./drill_full/00061.jpg",
      "sharpness": 30.300143080694987,
      "transform_matrix": [
        [
          0.25586902971988223,
          -0.3182949345488102,
          0.9128085091189277,
          6.951617542063975
        ],
        [
          0.9516249107103555,
          0.2490979085277136,
          -0.1798895808082548,
          -1.20084858993846
        ],
        [
          -0.1701207481584489,
          0.9146794884840768,
          0.3666338288298081,
          2.7352009815766243
        ],
        [
          0.0,
          0.0,
          0.0,
          1.0
        ]
      ]
    },
    {
      "file_path": "./drill_full/00065.jpg",
      "sharpness": 20.31545426619836,
      "transform_matrix": [
        [
          0.2926777342136109,
          -0.30953677568297727,
          0.904724669965685,
          6.701150741420736
        ],
        [
          0.9392282285298487,
          0.2705897442018638,
          -0.21126174539228637,
          -1.4913907931824903
        ],
        [
          -0.1794159375252441,
          0.9115745580465493,
          0.369921270724006,
          2.861090407941511
        ],
        [
          0.0,
          0.0,
          0.0,
          1.0
        ]
      ]
    },
    {
      "file_path": "./drill_full/01685.jpg",
      "sharpness": 19.042852772016595,
      "transform_matrix": [
        [
          0.6307201245912758,
          -0.3661255240136788,
          0.6842106584601115,
          1.8287869826425107
        ],
        [
          0.7717257990679086,
          0.3884585910178157,
          -0.5035267759694552,
          -1.6302761106931105
        ],
        [
          -0.08143350363805181,
          0.8456074880054077,
          0.5275571635039213,
          0.3563291869698306
        ],
        [
          0.0,
          0.0,
          0.0,
          1.0
        ]
      ]
    },
    {
      "file_path": "./drill_full/01457.jpg",
      "sharpness": 12.172830343261642,
      "transform_matrix": [
        [
          -0.04094273311393364,
          -0.6189441454875676,
          0.7843671572809325,
          1.2228439903583517
        ],
        [
          0.9919213462789073,
          -0.11951235231400291,
          -0.0425304648617487,
          -0.5801512088506807
        ],
        [
          0.12006554627553577,
          0.7762892131550158,
          0.6188370724080866,
          1.8493255386302299
        ],
        [
          0.0,
          0.0,
          0.0,
          1.0
        ]
      ]
    },
    {
      "file_path": "./drill_full/00849.jpg",
      "sharpness": 10.201818575958894,
      "transform_matrix": [
        [
          -0.7317288571427588,
          0.4137221435744812,
          -0.5416704418646388,
          -2.09468933300023
        ],
        [
          -0.6717891802917373,
          -0.30343842770742224,
          0.675739903982402,
          2.2706363893493844
        ],
        [
          0.11520493435942299,
          0.8583467297953097,
          0.499968713619989,
          0.3130247728987629
        ],
        [
          0.0,
          0.0,
          0.0,
          1.0
        ]
      ]
    },
    {
      "file_path": "./drill_full/00067.jpg",
      "sharpness": 19.69184654487967,
      "transform_matrix": [
        [
          0.31040100692045103,
          -0.3044953232595677,
          0.9005186356011554,
          6.574960783710154
        ],
        [
          0.9327992388584282,
          0.2800600401507494,
          -0.22683023144334388,
          -1.6399781474808794
        ],
        [
          -0.18313054059457412,
          0.9104114301066009,
          0.3709639242334503,
          2.924751308882201
        ],
        [
          0.0,
          0.0,
          0.0,
          1.0
        ]
      ]
    },
    {
      "file_path": "./drill_full/00069.jpg",
      "sharpness": 20.180997282927127,
      "transform_matrix": [
        [
          0.3279505466625778,
          -0.2996366524799669,
          0.8959164668000366,
          6.459008820482115
        ],
        [
          0.9262250726945384,
          0.28859870186422326,
          -0.2425240276653533,
          -1.7871198072995125
        ],
        [
          -0.18589124150166667,
          0.9093561820417604,
          0.372177082267688,
          2.9815357271492635
        ],
        [
          0.0,
          0.0,
          0.0,
          1.0
        ]
      ]
    },
    {
      "file_path": "./drill_full/00837.jpg",
      "sharpness": 8.687507080076031,
      "transform_matrix": [
        [
          -0.8247013675431059,
          0.3411010899666596,
          -0.45112936154193306,
          -1.7666355593831864
        ],
        [
          -0.5545161127349247,
          -0.3307456591981846,
          0.7636224130024267,
          2.5512426006347515
        ],
        [
          0.1112633593312556,
          0.8799189481924895,
          0.4619124479076472,
          0.47395776370246345
        ],
        [
          0.0,
          0.0,
          0.0,
          1.0
        ]
      ]
    },
    {
      "file_path": "./drill_full/00071.jpg",
      "sharpness": 24.30503616872822,
      "transform_matrix": [
        [
          0.3448536226077461,
          -0.29430684039914545,
          0.8913245552085564,
          6.342775792850608
        ],
        [
          0.9195809874575008,
          0.2963913856744056,
          -0.25792044123224617,
          -1.9233377657285358
        ],
        [
          -0.18827316987047146,
          0.9085899131273303,
          0.3728506179692917,
          3.0072234763139565
        ],
        [
          0.0,
          0.0,
          0.0,
          1.0
        ]
      ]
    },
    {
      "file_path": "./drill_full/00095.jpg",
      "sharpness": 26.691744264183505,
      "transform_matrix": [
        [
          0.5782256217903351,
          -0.24338072316847245,
          0.7787303473888229,
          5.1469643863251955
        ],
        [
          0.7948905089298475,
          0.3831426477495007,
          -0.4704793197256316,
          -3.56466107220438
        ],
        [
          -0.18385921011080678,
          0.8910485593428652,
          0.41500392263245184,
          3.310605573021918
        ],
        [
          0.0,
          0.0,
          0.0,
          1.0
        ]
      ]
    },
    {
      "file_path": "./drill_full/01701.jpg",
      "sharpness": 10.296295807557122,
      "transform_matrix": [
        [
          0.7121890049732458,
          -0.3849899066507364,
          0.5870005051287606,
          1.2284730651442168
        ],
        [
          0.7015369391499028,
          0.4202972821474375,
          -0.5754964097441492,
          -1.972285106294998
        ],
        [
          -0.025154407859557183,
          0.8216647530688383,
          0.5694157438809077,
          0.8176376972125827
        ],
        [
          0.0,
          0.0,
          0.0,
          1.0
        ]
      ]
    },
    {
      "file_path": "./drill_full/00075.jpg",
      "sharpness": 26.45063480949643,
      "transform_matrix": [
        [
          0.37906483477896197,
          -0.28555966014631196,
          0.8802076638954388,
          6.1414793773040515
        ],
        [
          0.9058907761289696,
          0.30865374899181236,
          -0.2899909739259054,
          -2.1536185752023784
        ],
        [
          -0.18886967139287278,
          0.9072973844195199,
          0.37568564452655595,
          3.061570088907694
        ],
        [
          0.0,
          0.0,
          0.0,
          1.0
        ]
      ]
    },
    {
      "file_path": "./drill_full/00077.jpg",
      "sharpness": 31.412409332609357,
      "transform_matrix": [
        [
          0.3958361323259236,
          -0.2821888761595669,
          0.873889692447622,
          6.054726745596292
        ],
        [
          0.8986803210767862,
          0.3147946145803428,
          -0.3054145234616073,
          -2.2523511714808473
        ],
        [
          -0.18891118778134278,
          0.9062415731177308,
          0.37820467254388973,
          3.0721184636843915
        ],
        [
          0.0,
          0.0,
          0.0,
          1.0
        ]
      ]
    },
    {
      "file_path": "./drill_full/00079.jpg",
      "sharpness": 30.540597940243497,
      "transform_matrix": [
        [
          0.4129105972443441,
          -0.2782198549170993,
          0.8672361564547294,
          5.994701574872065
        ],
        [
          0.8910192442212548,
          0.3206322310789988,
          -0.3213715588247201,
          -2.3407416039540987
        ],
        [
          -0.18865191524575992,
          0.9054218269772999,
          0.38029169088619685,
          3.0927264288878233
        ],
        [
          0.0,
          0.0,
          0.0,
          1.0
        ]
      ]
    },
    {
      "file_path": "./drill_full/00085.jpg",
      "sharpness": 27.136140453781323,
      "transform_matrix": [
        [
          0.4688615801089467,
          -0.2684422864286543,
          0.8414912700698938,
          5.758810161786492
        ],
        [
          0.8635378950949201,
          0.3395694316247213,
          -0.3728202044442354,
          -2.6495380759097724
        ],
        [
          -0.18566400418698975,
          0.9014606702491718,
          0.39102114724533155,
          3.161738085776268
        ],
        [
          0.0,
          0.0,
          0.0,
          1.0
        ]
      ]
    },
    {
      "file_path": "./drill_full/01707.jpg",
      "sharpness": 16.491576883868095,
      "transform_matrix": [
        [
          0.7102246057768713,
          -0.39888744277516336,
          0.5800601842865302,
          1.2068087749828438
        ],
        [
          0.703672477721125,
          0.4264151374928653,
          -0.5683442395375329,
          -1.9365593569232336
        ],
        [
          -0.020641062911555992,
          0.8118244505753749,
          0.5835366381126033,
          1.0281743911833037
        ],
        [
          0.0,
          0.0,
          0.0,
          1.0
        ]
      ]
    },
    {
      "file_path": "./drill_full/00087.jpg",
      "sharpness": 28.424176310087404,
      "transform_matrix": [
        [
          0.48943455954198267,
          -0.2640248573397826,
          0.8311105141205938,
          5.674993291533044
        ],
        [
          0.8522337605146881,
          0.3467905660222678,
          -0.3917064216446945,
          -2.8026810835572125
        ],
        [
          -0.18480105352512155,
          0.9000150987997265,
          0.39474218497446056,
          3.1751742912749155
        ],
        [
          0.0,
          0.0,
          0.0,
          1.0
        ]
      ]
    },
    {
      "file_path": "./drill_full/00089.jpg",
      "sharpness": 25.378775038824887,
      "transform_matrix": [
        [
          0.5100757999046982,
          -0.2597136848205647,
          0.8199826097653848,
          5.567008912457405
        ],
        [
          0.8401093331038266,
          0.3549179484484973,
          -0.4101823476232201,
          -2.955558948406702
        ],
        [
          -0.18449657667179878,
          0.8980991325174338,
          0.3992229470079438,
          3.1917227300150577
        ],
        [
          0.0,
          0.0,
          0.0,
          1.0
        ]
      ]
    },
    {
      "file_path": "./drill_full/00859.jpg",
      "sharpness": 7.215863233020967,
      "transform_matrix": [
        [
          -0.6917781445255542,
          0.45277975834575057,
          -0.5625242121351659,
          -1.9877947914361689
        ],
        [
          -0.709822415652761,
          -0.28328282819255235,
          0.6449054019690408,
          2.2342602044384585
        ],
        [
          0.13264666231897446,
          0.8454237574896001,
          0.5173620910906497,
          0.2777628832805591
        ],
        [
          0.0,
          0.0,
          0.0,
          1.0
        ]
      ]
    },
    {
      "file_path": "./drill_full/00083.jpg",
      "sharpness": 30.256655516470868,
      "transform_matrix": [
